Hoja_01.jpg 772,637 1938,682 2023,3495 839,3553
Hoja_02.jpg 211,350 2566,444 2566,3661 188,3746
Hoja_03.jpg 126,417 2436,476 2499,3657 153,3778
Hoja_04.jpg 520,965 2100,1117 2064,3199 503,3248
Hoja_05.jpg 1211,691 2203,745 2136,3132 1171,3123
Hoja_06.jpg 556,812 2382,879 2441,3495 485,3531
Hoja_07.jpg 444,529 2338,717 2347,3338 292,3396
Hoja_08.jpg 727,251 2768,660 2544,3894 18,3455
Hoja_09.jpg 359,888 2279,785 2647,3464 628,3818
Hoja_10.jpg 884,449 2127,372 2113,3275 1009,3262
Hoja_11.jpg 435,395 2871,458 2611,3603 520,3504
Hoja_12.jpg 1108,677 2822,969 2584,3621 507,3172
Hoja_13.jpg 480,1104 2037,1180 2037,3396 341,3334
Hoja_14.jpg 897,965 2342,1306 1979,3405 377,3060
Hoja_15.jpg 188,767 2243,660 2539,3446 498,3787
Hoja_16.jpg 108,440 2373,386 2593,3446 332,3697
Hoja_17.jpg 85,247 2499,229 2652,3491 310,3693
Hoja_18.jpg 543,395 2643,494 2705,3598 314,3540
Hoja_19.jpg 422,476 2504,597 2445,3401 435,3459
Hoja_20.jpg 363,399 2602,471 2732,3723 287,3791
Hoja_21.jpg 511,843 2279,660 2889,3284 700,3630
Hoja_22.jpg 332,305 2499,336 2647,3378 377,3540
Hoja_23.jpg 350,319 2481,390 2822,3482 292,3675
Hoja_24.jpg 345,251 2696,390 2566,3701 179,3616
Hoja_25.jpg 556,669 2311,708 2787,3249 498,3468
